== OMP_NUM_THREADS=1
Copy:           39798.3     0.161155     0.160811     0.161679
Scale:          24940.0     0.257134     0.256616     0.257548
Add:            28168.3     0.341713     0.340809     0.343167
Triad:          28471.3     0.338299     0.337182     0.339817
== OMP_NUM_THREADS=4
Copy:           89635.9     0.071629     0.071400     0.071968
Scale:          63174.4     0.101921     0.101307     0.104311
Add:            68839.4     0.139732     0.139455     0.140493
Triad:          68396.1     0.141074     0.140359     0.142627
== OMP_NUM_THREADS=8
Copy:          113420.9     0.056631     0.056427     0.056962
Scale:          75394.3     0.088100     0.084887     0.106144
Add:            80313.1     0.120567     0.119532     0.122144
Triad:          80697.4     0.119657     0.118963     0.121008
== OMP_NUM_THREADS=15
Copy:          110596.5     0.058195     0.057868     0.058396
Scale:          76373.3     0.084131     0.083799     0.085132
Add:            83578.6     0.116973     0.114862     0.117947
Triad:          83165.1     0.117207     0.115433     0.118589
== OMP_NUM_THREADS=30
Copy:          127933.6     0.050524     0.050026     0.053188
Scale:          85224.1     0.076330     0.075096     0.083571
Add:            93232.0     0.105266     0.102969     0.112452
Triad:          93696.9     0.104694     0.102458     0.111395
