available: 6 nodes (0-5)
node 0 cpus: 0 1 2 3 4 5 6 7 8 9 10 11 12 13 14 15 16 17 18 19 20 21 22 23 144 145 146 147 148 149 150 151 152 153 154 155 156 157 158 159 160 161 162 163 164 165 166 167
node 0 size: 128631 MB
node 0 free: 60787 MB
node 1 cpus: 24 25 26 27 28 29 30 31 32 33 34 35 36 37 38 39 40 41 42 43 44 45 46 47 168 169 170 171 172 173 174 175 176 177 178 179 180 181 182 183 184 185 186 187 188 189 190 191
node 1 size: 258036 MB
node 1 free: 90375 MB
node 2 cpus: 48 49 50 51 52 53 54 55 56 57 58 59 60 61 62 63 64 65 66 67 68 69 70 71 192 193 194 195 196 197 198 199 200 201 202 203 204 205 206 207 208 209 210 211 212 213 214 215
node 2 size: 129012 MB
node 2 free: 8461 MB
node 3 cpus: 72 73 74 75 76 77 78 79 80 81 82 83 84 85 86 87 88 89 90 91 92 93 94 95 216 217 218 219 220 221 222 223 224 225 226 227 228 229 230 231 232 233 234 235 236 237 238 239
node 3 size: 129012 MB
node 3 free: 11268 MB
node 4 cpus: 96 97 98 99 100 101 102 103 104 105 106 107 108 109 110 111 112 113 114 115 116 117 118 119 240 241 242 243 244 245 246 247 248 249 250 251 252 253 254 255 256 257 258 259 260 261 262 263
node 4 size: 257988 MB
node 4 free: 37371 MB
node 5 cpus: 120 121 122 123 124 125 126 127 128 129 130 131 132 133 134 135 136 137 138 139 140 141 142 143 264 265 266 267 268 269 270 271 272 273 274 275 276 277 278 279 280 281 282 283 284 285 286 287
node 5 size: 128999 MB
node 5 free: 20107 MB
node distances:
node   0   1   2   3   4   5 
  0:  10  15  17  21  28  26 
  1:  15  10  15  23  26  23 
  2:  17  15  10  26  23  21 
  3:  21  28  26  10  15  17 
  4:  23  26  23  15  10  15 
  5:  26  23  21  17  15  10 
