== OMP_NUM_THREADS=1
Copy:           41239.8     0.078941     0.077595     0.084660
Scale:          24461.6     0.132849     0.130817     0.142522
Add:            27375.1     0.176236     0.175342     0.179408
Triad:          27258.2     0.177356     0.176094     0.182207
== OMP_NUM_THREADS=2
Copy:           43446.4     0.073745     0.073654     0.073803
Scale:          28765.1     0.111373     0.111246     0.111507
Add:            31562.6     0.152138     0.152079     0.152196
Triad:          31536.4     0.152469     0.152205     0.152775
== OMP_NUM_THREADS=4
Copy:           44755.2     0.071588     0.071500     0.071850
Scale:          30492.8     0.105017     0.104943     0.105200
Add:            33469.0     0.143876     0.143416     0.146011
Triad:          33418.1     0.143755     0.143635     0.143930
== OMP_NUM_THREADS=8
Copy:           43509.7     0.073692     0.073547     0.074418
Scale:          28720.4     0.111600     0.111419     0.111880
Add:            31730.3     0.151353     0.151275     0.151484
Triad:          31681.9     0.151553     0.151506     0.151613
== OMP_NUM_THREADS=8
Copy:           43513.2     0.073565     0.073541     0.073585
Scale:          28725.8     0.111484     0.111398     0.111831
Add:            31728.2     0.151484     0.151285     0.152013
Triad:          31682.8     0.151545     0.151502     0.151591
== OMP_NUM_THREADS=16
Copy:           42918.4     0.075482     0.074560     0.078017
Scale:          29069.3     0.111714     0.110082     0.117996
Add:            31967.2     0.151190     0.150154     0.154269
Triad:          31892.2     0.151818     0.150507     0.153542
