== OMP_NUM_THREADS=1
Copy:           28400.3     0.067684     0.067605     0.067842
Scale:          28766.2     0.066894     0.066745     0.067178
Add:            26981.2     0.106834     0.106741     0.107014
Triad:          27045.5     0.106536     0.106487     0.106607
== OMP_NUM_THREADS=4
Copy:          105954.4     0.018154     0.018121     0.018194
Scale:         110771.2     0.017380     0.017333     0.017467
Add:            98870.4     0.029145     0.029129     0.029166
Triad:          99084.5     0.029117     0.029066     0.029189
== OMP_NUM_THREADS=8
Copy:          188072.2     0.010248     0.010209     0.010316
Scale:         189421.5     0.010180     0.010136     0.010267
Add:           169421.7     0.017063     0.016999     0.017128
Triad:         169872.0     0.017024     0.016954     0.017094
== OMP_NUM_THREADS=32
Copy:          293843.1     0.006558     0.006534     0.006606
Scale:         295568.7     0.006525     0.006496     0.006569
Add:           301311.9     0.009631     0.009558     0.009687
Triad:         301034.1     0.009614     0.009567     0.009656
== OMP_NUM_THREADS=64
Copy:          287722.5     0.006829     0.006673     0.007662
Scale:         292594.0     0.006845     0.006562     0.007137
Add:           288399.1     0.010238     0.009986     0.010806
Triad:         288550.6     0.010275     0.009981     0.010616
