== OMP_NUM_THREADS=1
Copy:           35235.7     0.090929     0.090817     0.091152
Scale:          21091.2     0.153197     0.151722     0.160116
Add:            23650.0     0.203424     0.202960     0.205079
Triad:          23519.5     0.204620     0.204086     0.206153
== OMP_NUM_THREADS=2
Copy:           35162.6     0.091180     0.091006     0.091564
Scale:          22514.8     0.142621     0.142129     0.144628
Add:            25524.3     0.188282     0.188056     0.188943
Triad:          25390.6     0.189956     0.189046     0.193894
== OMP_NUM_THREADS=4
Copy:           34546.4     0.093429     0.092629     0.095712
Scale:          33861.4     0.095003     0.094503     0.096678
Add:            33484.7     0.143790     0.143349     0.145607
Triad:          33396.2     0.143903     0.143729     0.144458
== OMP_NUM_THREADS=8
Copy:           35121.2     0.091269     0.091113     0.091585
Scale:          31095.4     0.103353     0.102909     0.104325
Add:            32388.2     0.148899     0.148202     0.150998
Triad:          32273.9     0.148803     0.148727     0.148902
== OMP_NUM_THREADS=6
Copy:           35513.7     0.090168     0.090106     0.090269
Scale:          34920.3     0.091739     0.091637     0.092123
Add:            35076.2     0.137070     0.136845     0.137880
Triad:          34981.4     0.137306     0.137216     0.137399
== OMP_NUM_THREADS=12
Copy:           35282.7     0.091511     0.090696     0.093488
Scale:          32869.4     0.098246     0.097355     0.099345
Add:            33074.5     0.146037     0.145127     0.146876
Triad:          32948.2     0.146963     0.145683     0.150809
