== OMP_NUM_THREADS=1
Copy:           28910.0     0.221798     0.221377     0.222760
Scale:          14702.9     0.435738     0.435288     0.436741
Add:            15003.1     0.640324     0.639867     0.640663
Triad:          15208.3     0.631736     0.631235     0.632150
== OMP_NUM_THREADS=4
Copy:           93631.7     0.068957     0.068353     0.069322
Scale:          47538.0     0.135489     0.134629     0.136716
Add:            55257.9     0.174592     0.173731     0.175606
Triad:          55307.5     0.173918     0.173575     0.174446
== OMP_NUM_THREADS=8
Copy:          130911.6     0.049108     0.048888     0.049305
Scale:          75644.6     0.085005     0.084606     0.085302
Add:            89071.1     0.108159     0.107779     0.108524
Triad:          89104.2     0.108029     0.107739     0.108295
== OMP_NUM_THREADS=15
Copy:          151493.3     0.042429     0.042246     0.042586
Scale:         103511.1     0.061995     0.061829     0.062619
Add:           122223.2     0.078791     0.078545     0.080020
Triad:         122700.6     0.078425     0.078239     0.078785
== OMP_NUM_THREADS=30
Copy:          157927.4     0.040684     0.040525     0.041012
Scale:         148148.1     0.043466     0.043200     0.044485
Add:           151400.1     0.063751     0.063408     0.065470
Triad:         152219.2     0.063451     0.063067     0.064540
